,APM,SelectByHotkeys,AssignToHotkeys,UniqueHotkeys,MinimapAttacks,MinimapRightClicks,NumberOfPACs,GapBetweenPACs,ActionLatency,ActionsInPAC,TotalMapExplored,WorkersMade,UniqueUnitsMade,ComplexUnitsMade,ComplexAbilitiesUsed
APM,1.00E+00,8.41E-01,5.78E-01,3.62E-01,2.71E-01,3.22E-01,6.51E-01,-5.75E-01,-7.22E-01,3.84E-01,2.21E-01,3.50E-01,1.01E-01,1.36E-01,1.32E-01
SelectByHotkeys,8.41E-01,1.00E+00,5.05E-01,3.02E-01,1.97E-01,1.43E-01,3.99E-01,-3.04E-01,-4.15E-01,1.63E-01,8.35E-02,1.42E-01,6.12E-03,4.40E-02,6.10E-02
AssignToHotkeys,5.78E-01,5.05E-01,1.00E+00,4.20E-01,2.42E-01,1.93E-01,4.87E-01,-3.97E-01,-4.82E-01,9.37E-02,1.93E-01,1.83E-01,1.33E-01,1.45E-01,1.54E-01
UniqueHotkeys,3.62E-01,3.02E-01,4.20E-01,1.00E+00,1.81E-01,1.42E-01,3.72E-01,-2.43E-01,-3.23E-01,-1.64E-02,2.65E-01,1.08E-01,2.25E-01,1.10E-01,1.02E-01
MinimapAttacks,2.71E-01,1.97E-01,2.42E-01,1.81E-01,1.00E+00,2.42E-01,1.77E-01,-2.38E-01,-2.00E-01,1.35E-01,1.66E-01,7.76E-02,1.21E-01,4.02E-02,4.45E-02
MinimapRightClicks,3.22E-01,1.43E-01,1.93E-01,1.42E-01,2.42E-01,1.00E+00,1.76E-01,-2.54E-01,-2.31E-01,3.08E-01,1.73E-01,2.07E-01,1.49E-01,9.16E-02,9.06E-02
NumberOfPACs,6.51E-01,3.99E-01,4.87E-01,3.72E-01,1.77E-01,1.76E-01,1.00E+00,-5.06E-01,-8.20E-01,-2.32E-01,4.60E-01,2.78E-01,3.06E-01,1.81E-01,1.68E-01
GapBetweenPACs,-5.75E-01,-3.04E-01,-3.97E-01,-2.43E-01,-2.38E-01,-2.54E-01,-5.06E-01,1.00E+00,6.89E-01,-3.11E-01,-9.53E-02,-2.35E-01,-8.49E-02,-7.47E-02,-9.06E-02
ActionLatency,-7.22E-01,-4.15E-01,-4.82E-01,-3.23E-01,-2.00E-01,-2.31E-01,-8.20E-01,6.89E-01,1.00E+00,-1.10E-01,-3.43E-01,-3.09E-01,-2.13E-01,-1.86E-01,-1.84E-01
ActionsInPAC,3.84E-01,1.63E-01,9.37E-02,-1.64E-02,1.35E-01,3.08E-01,-2.32E-01,-3.11E-01,-1.10E-01,1.00E+00,-1.57E-01,2.52E-01,-1.34E-01,5.27E-02,5.45E-02
TotalMapExplored,2.21E-01,8.35E-02,1.93E-01,2.65E-01,1.66E-01,1.73E-01,4.60E-01,-9.53E-02,-3.43E-01,-1.57E-01,1.00E+00,1.32E-01,5.73E-01,3.08E-01,2.48E-01
WorkersMade,3.50E-01,1.42E-01,1.83E-01,1.08E-01,7.76E-02,2.07E-01,2.78E-01,-2.35E-01,-3.09E-01,2.52E-01,1.32E-01,1.00E+00,1.14E-01,2.04E-01,1.02E-01
UniqueUnitsMade,1.01E-01,6.12E-03,1.33E-01,2.25E-01,1.21E-01,1.49E-01,3.06E-01,-8.49E-02,-2.13E-01,-1.34E-01,5.73E-01,1.14E-01,1.00E+00,3.81E-01,2.92E-01
ComplexUnitsMade,1.36E-01,4.40E-02,1.45E-01,1.10E-01,4.02E-02,9.16E-02,1.81E-01,-7.47E-02,-1.86E-01,5.27E-02,3.08E-01,2.04E-01,3.81E-01,1.00E+00,6.17E-01
ComplexAbilitiesUsed,1.32E-01,6.10E-02,1.54E-01,1.02E-01,4.45E-02,9.06E-02,1.68E-01,-9.06E-02,-1.84E-01,5.45E-02,2.48E-01,1.02E-01,2.92E-01,6.17E-01,1.00E+00